4412123113
2313123113
1343431242
1234121242
4231244311

1241142423
3244142114
3413423414
2212331323
1432421411

1311223122
4343124121
3221141231
3132421242
4212323114

1343311414
1313141134
2414242312
2421421341
1123433223

1243123331
1243133423
2121221423
3321441232
2144334412

1234123114
1234112134
2413433412
2431412412
1144123223

1342144244
3231324242
3241413134
2132413234
1221124142

2141142241
4312232141
3413434134
2124124234
4423123311

2213132341
4121411344
4121432424
3312132412
4424411332

2444313141
2123432141
3441411424
3121332324
1412214311

