1113232332
2213232112
3121323231
3232213122
1231312131

3133223232
3121332311
1321211312
2332323232
1211313121

1231313231
3231223231
3122121322
1313212311
2313232133

3123311213
3123231213
2331112321
1121232321
2323213112

3221212322
3213211212
1321123313
1312313132
2213221223

3113121211
2112121332
2222232213
1313121322
1212131313

2133212321
2233122121
3321231313
3212132123
1232311321

3231322232
3121333232
2132222121
1321313131
1231313232

3133132323
2311231123
1133212332
2321321211
3121313233

3211311321
2311232132
2322132123
1213321212
1312123321

